ustar1  =[   0.100000E-01   0.200000E-01   0.300000E-01   0.400000E-01   0.500000E-01   0.600000E-01   0.700000E-01   0.800000E-01   0.900000E-01   0.100000E+00   0.110000E+00   0.120000E+00   0.130000E+00   0.140000E+00   0.150000E+00   0.160000E+00   0.170000E+00   0.180000E+00   0.190000E+00   0.200000E+00   0.210000E+00   0.220000E+00   0.230000E+00   0.240000E+00   0.250000E+00   0.260000E+00   0.270000E+00   0.280000E+00   0.290000E+00   0.300000E+00   0.310000E+00   0.320000E+00   0.330000E+00   0.340000E+00   0.350000E+00   0.360000E+00   0.370000E+00   0.380000E+00   0.390000E+00   0.400000E+00   0.410000E+00   0.420000E+00   0.430000E+00   0.440000E+00   0.450000E+00   0.460000E+00   0.470000E+00   0.480000E+00   0.490000E+00   0.500000E+00   0.510000E+00   0.520000E+00   0.530000E+00   0.540000E+00   0.550000E+00   0.560000E+00   0.570000E+00   0.580000E+00   0.590000E+00   0.600000E+00   0.610000E+00   0.620000E+00   0.630000E+00   0.640000E+00   0.650000E+00   0.660000E+00   0.670000E+00   0.680000E+00   0.690000E+00   0.700000E+00   0.710000E+00   0.720000E+00   0.730000E+00   0.740000E+00   0.750000E+00   0.760000E+00   0.770000E+00   0.780000E+00   0.790000E+00   0.800000E+00   0.810000E+00   0.820000E+00   0.830000E+00   0.840000E+00   0.850000E+00   0.860000E+00   0.870000E+00   0.880000E+00   0.890000E+00   0.900000E+00   0.910000E+00   0.920000E+00   0.930000E+00   0.940000E+00   0.950000E+00   0.960000E+00   0.970000E+00   0.980000E+00   0.990000E+00   0.100000E+01]
alpha2 = [   0.000000E+00   0.000000E+00   0.000000E+00   0.000000E+00   0.000000E+00   0.000000E+00   0.000000E+00   0.000000E+00   0.000000E+00   0.000000E+00   0.000000E+00   0.000000E+00   0.000000E+00   0.000000E+00   0.000000E+00   0.000000E+00   0.000000E+00   0.000000E+00   0.000000E+00   0.000000E+00   0.000000E+00   0.000000E+00   0.000000E+00   0.000000E+00   0.000000E+00   0.000000E+00   0.000000E+00   0.000000E+00   0.243914E-05   0.498042E-05   0.686192E-05   0.825432E-05   0.946807E-05   0.103858E-04   0.110211E-04   0.116261E-04   0.122221E-04   0.125491E-04   0.128585E-04   0.131472E-04   0.136957E-04   0.139294E-04   0.141190E-04   0.142553E-04   0.143295E-04   0.146277E-04   0.145484E-04   0.146810E-04   0.147147E-04   0.149470E-04   0.147652E-04   0.150706E-04   0.149490E-04   0.149968E-04   0.149106E-04   0.149799E-04   0.149052E-04   0.149759E-04   0.148923E-04   0.146518E-04   0.148359E-04   0.145648E-04   0.147037E-04   0.143870E-04   0.144691E-04   0.143766E-04   0.141103E-04   0.142235E-04   0.141567E-04   0.139142E-04   0.137619E-04   0.136993E-04   0.137168E-04   0.135548E-04   0.134714E-04   0.132095E-04   0.132727E-04   0.131544E-04   0.128593E-04   0.128741E-04   0.127101E-04   0.126074E-04   0.123295E-04   0.123427E-04   0.121800E-04   0.120702E-04   0.120111E-04   0.117819E-04   0.116010E-04   0.114686E-04   0.113818E-04   0.113361E-04   0.111257E-04   0.111597E-04   0.110292E-04   0.107397E-04   0.106863E-04   0.106654E-04   0.104876E-04   0.103448E-04]
