% colors for plots

% blue->red for anamoly
% no white
clr_anm1=[0  97 128
	0 161 191
	0 224 255
	51 252 252
	153 252 252
	255 255 255
	252 224   0
	252 161   0
	252  80   0
	200   0   0
	128   0   0
	];
clr_anm1=clr_anm1./255;

% blue->red for anamoly
% no white
clr_anm2=[0  97 128
	0 145 178
	0 191 224
	30 225 255
	153 252 252
	255 255 255
	252 224   0
	252 161   0
	252  80   0
	200   0   0
	128   0   0
	];
clr_anm2=clr_anm2./255;


% rainbow blue->green->red
% min is white
clr_rnb1=[255 255 255
	 0  55 255
	 0 165 255
	 0 225 210
	 0 255 160
	 0 255   0
	 160 255   0
	 210 225   0
	 255 165   0
	 255  55   0
	 178   0   0
	 ];
clr_rnb1=clr_rnb1./255;


% rainbow blue->green->red
% min is white
clr_rnb1b=[255 255 255
	 0   0 178
	 0  55 255
	 0 165 255
	 0 225 210
	 0 255   0
	 160 255   0
	 210 225   0
	 255 165   0
	 255  55   0
	 178   0   0
	 ];
clr_rnb1b=clr_rnb1b./255;


% rainbow blue->green->red
% max is white
clr_rnb2=[0   0 178
	 0  55 255
	 0 165 255
	 0 225 210
	 0 255 160
	 0 255   0
	 160 255   0
	 210 225   0
	 255 165   0
	 255  55   0
	 255 255 255
	 ];
clr_rnb2=clr_rnb2./255;

% rainbow blue->green->red
% max is white
clr_rnb2b=[0   0 178
	 0  55 255
	 0 165 255
	 0 225 210
	 0 255 160
	 0 255   0
	 210 225   0
	 255 165   0
	 255  55   0
	 178   0   0
	 255 255 255
	 ];
clr_rnb2b=clr_rnb2./255;


% rainbow blue->green->red
% no white
clr_rnb3=[0   0 178
	 0  55 255
	 0 165 255
	 0 225 210
	 0 255 160
	 0 255   0
	 160 255   0
	 210 225   0
	 255 165   0
	 255  55   0
	 178   0   0
	 ];
clr_rnb3=clr_rnb3./255;


